1.49258918005849690e+01
1.12160743850571798e+01
1.75568772937227742e+01
1.44881034553165087e+01
2.09496890781504668e+01
1.75019429619894318e+01
6.81195779046679029e+00
2.89813341629560728e+03
5.14534934638125421e+01
1.40893460235783472e+01
1.28732074517147819e+01
5.90429356766615427e+01
6.81160413083012202e+01
2.00292288309524054e+01
5.05140424384268485e+01
5.41526986874632598e+02
8.19298010789333802e+01
1.48983258514761907e+01
1.10589724331589011e+02
7.55723325249768322e+02
3.97676645814682104e+01
5.48619237777898405e+01
1.30877539995265355e+01
1.61520583338180188e+01
2.44573505795726298e+01
1.53479211949331589e+01
1.40326997153235607e+03
2.63933558203552749e+01
8.13668784422212354e+00
5.09843022313488419e+01
1.03380431780141109e+02
1.70414095408112942e+01
2.07487571429149895e+01
4.68358342048413547e+01
2.86273360013426093e+01
1.56788405121851753e+01
3.14191094649335909e+01
3.97034110999179291e+02
6.35492536810460749e+01
1.42356795702565702e+01
1.09695237025442202e+03
7.19939490698757140e+02
2.07143556357249885e+01
5.70136189773095765e+01
5.36986664347982199e+01
3.79567037238927512e+01
1.86887711365417815e+01
1.39436708837238541e+01
2.16688020887384346e+03
1.71247972121885219e+01
7.04717229446935089e+00
7.04269075617347369e+01
1.17926766161237694e+02
2.07301339081589546e+01
2.55762018094105699e+01
3.27799370971247583e+01
1.83985502735562392e+01
1.92434980036405072e+01
3.11108275222649162e+01
8.74201349628483371e+01
6.84581860975858945e+01
1.16840329888033683e+01
6.20677983581324725e+02
2.94042648489531871e+02
1.44928349915409989e+01
6.06913659917783264e+01
3.14356808046910494e+01
1.81723894805354895e+01
4.92907900727055122e+01
2.50252521262129370e+01
1.54696734733609588e+02
3.55865300437274698e+02
1.38036766403891029e+01
7.13656507836196425e+01
2.59821311429296657e+03
2.74760820713400449e+01
1.59655328556650574e+02
4.49556888347554846e+01
1.56870375140922178e+01
2.95016327752141621e+01
2.67616876183519317e+01
1.57007783837937552e+02
2.59760900358400136e+02
7.91961413937463199e+00
1.30596199336213476e+03
2.97850325574485680e+02
2.76696326167418896e+01
7.09237033685139551e+01
1.79328088896130247e+01
8.96146221089444239e+00
1.44523606594834373e+01
1.41744515285053794e+01
4.54864969903452092e+01
1.60162741947011504e+01
7.37217816609119847e+00
6.18340253828851814e+02
2.64707228961804120e+01
1.24534145002640368e+01
1.83395761350698798e+01
6.84614377341878821e+01
5.60884821193579626e+01
5.28023061585502873e+01
1.24041752856484521e+02
5.40994645274914774e+02
3.72940095182265736e+02
1.96165581179865427e+01
4.51821895472024266e+02
8.91438132026250173e+02
2.26981731479862070e+01
2.07096521909992106e+02
2.48903618626794412e+02
2.89716088571228774e+01
7.89965431075684279e+01
4.78458141010773019e+01
2.10961964455567738e+02
5.15358612808883763e+01
1.29262709199909267e+01
5.02922414439994895e+02
2.25777410876887558e+02
8.79659064619562940e+01
3.31925868721513240e+01
9.61679687722853714e+02
5.69620208444867515e+01
1.88978039050890601e+02
9.15294457948711369e+01
4.52321025223040607e+01
1.19948660596335927e+02
1.44217784709545001e+01
3.81701444059691255e+01
6.80806985939212410e+01
3.37306936627622491e+01
3.42667283346517451e+01
1.76960281757719122e+03
2.54967750755472693e+01
4.76122205838040315e+01
2.69486040135321261e+01
8.11994572912723953e+01
1.00433759428205249e+02
1.26319206169276743e+01
6.91203546000993754e+01
4.56638094289389471e+01
6.32789113303117787e+01
2.80113700541667825e+01
4.18078606892833875e+02
7.69988999738285571e+01
2.55621691895591994e+02
1.24852758849084665e+02
4.32398652734269717e+02
6.55785392357889123e+02
2.60796174774961358e+01
3.29982047513731800e+02
2.10969297881474489e+02
1.28943002942796511e+03
3.68803004995836432e+02
9.11403216063092600e+02
2.16575734088065062e+01
9.55270179619132023e+01
4.68116053896654520e+01
9.42944907957071479e+01
6.36475910127356386e+01
1.17042933080796434e+01
4.09136509364816661e+01
2.26816875460984903e+02
6.75923139322027424e+01
8.56313717303306277e+01
1.79494438274910976e+02
7.54112895497684832e+01
7.98278593340233158e+01
7.77753497753045281e+02
1.39693101716038626e+02
5.57146825681027167e+02
1.30363560871000423e+01
2.60761562763653615e+02
5.01289488481788453e+02
2.45085223929495783e+02
1.78500356429149093e+02
1.24895856576347754e+02
8.40573838676788512e+01
4.32387284607618767e+01
3.46127529249409008e+02
1.74096932515846589e+02
3.52197137783346534e+02
7.19876950504770662e+02
1.29909626889709102e+02
8.40828567115795863e+02
8.08928374008815467e+01
3.58784496354531441e+01
9.47873728368980579e+01
2.61718990957129733e+01
3.61215019332888616e+01
4.00824902441881989e+02
2.18680603961560473e+03
1.31513577135312204e+02
3.16429233205867320e+01
5.25453923101276104e+01
2.68863811076776472e+02
1.74964709279603170e+01
1.92261093058469150e+01
2.68818204858614308e+02
2.87234725683084733e+01
5.60586676385933700e+01
2.96989354539707506e+02
5.82155194881285354e+01
9.79492176209324612e+02
1.52752691227352138e+01
1.89877543308421906e+02
3.35105503629122495e+02
1.57393874481849508e+02
1.37705041415519054e+03
4.42167827887741282e+02
1.18802084674062598e+02
3.71851832987983357e+01
1.43461039812972359e+02
4.55430244736363008e+01
1.90729224271916593e+02
4.71775082393456202e+01
7.05549354070595740e+01
1.45525150847527266e+03
1.75156004290553597e+02
1.49716591686402918e+01
3.45734014024221850e+01
2.91826839020900550e+01
1.73064787370576667e+01
5.21956499417800501e+02
1.60372922921021974e+01
2.87964770245081993e+01
8.93608858153704411e+00
2.33379588117158931e+01
1.85592116697193461e+02
1.52090727779039714e+01
2.10719303556685595e+01
1.94229372523791682e+02
8.14205962317571164e+01
1.33494974488593044e+02
1.74249299695771555e+02
7.32466877608538653e+02
5.76952028646472968e+02
2.93538564276998272e+02
1.50051107431932337e+02
5.61524742774750393e+02
2.83892399755728036e+02
7.61800365656649632e+01
2.05825921864704156e+02
2.35228315380071933e+02
1.61487626022423001e+02
1.36305374144119668e+02
1.99463430580192471e+03
1.90828278615331243e+02
4.00771435332010810e+01
7.03563625839695419e+01
8.44470531542113463e+01
6.72564582467575747e+01
2.65531606532858326e+01
3.50675997026133999e+01
4.48856347905208395e+01
1.87259332084875680e+01
2.10067619555275905e+03
1.10262263889227427e+02
4.53522860663285670e+01
6.97918206746173553e+01
4.66358108656131307e+01
1.94276387990220400e+02
2.81730661598836498e+01
3.11530010997300657e+01
5.12824186225722428e+02
3.32506343705834752e+02
1.91011404527605976e+02
2.56559863699575374e+02
1.26709498824448724e+03
8.70555223923721769e+02
9.02118869997803245e+02
2.54717028648114336e+02
2.45659721954388175e+02
3.68971957090364583e+02
1.59980411982382520e+02
1.20950872940386304e+02
1.26168909566072259e+02
1.33783621724813912e+02
8.18469159983048371e+02
1.82397951520274262e+02
8.16675992859588519e+02
6.59996270448251749e+01
2.18167467701025402e+02
6.67673056047832233e+02
1.79768741994562532e+02
1.35944598617569653e+02
4.76068225380190881e+02
2.63432562932169333e+02
2.11858780737806711e+02
3.19522121425019236e+02
4.02813633181298712e+02
7.84294022216177837e+02
4.36155861740539024e+01
2.66948721707977484e+02
3.98913439958371100e+02
2.66368889278795314e+03
2.06844013498979479e+02
4.53708322655913616e+03
4.10370773149333772e+01
3.39237342986411576e+01
2.21718662602540171e+01
2.76580780355396030e+01
1.89955726533270841e+01
2.25691158264537854e+01
1.75674900133245551e+01
1.55407160474742554e+01
1.48017528624903445e+01
1.76513701284215436e+01
4.96381327208889275e+02
1.85064777934720325e+02
1.55484684303706274e+02
4.68442386564671892e+02
8.97860539621996850e+02
1.31921919950670463e+03
8.03315306822191815e+02
2.38877524318358553e+02
1.13527538161257127e+02
2.24875176347291784e+02
9.49515392102144773e+01
9.75397105024989486e+01
3.07510123705264213e+01
3.40234117735648951e+01
8.36990823274943239e+01
3.05626526709769405e+03
3.69846112473068217e+02
1.63490840291594743e+01
1.89694632775578299e+02
1.91730102597087068e+02
5.03300503551239657e+01
1.50771533698206184e+02
4.37794435236323096e+01
2.06663650894295792e+01
3.09073694207088785e+01
2.82631027182598382e+03
8.32086167664976415e+01
8.44569737305257320e+01
4.09809081667373931e+01
8.81455394902953486e+01
2.30640943699188909e+02
9.54639333753628136e+01
4.34396349116378033e+01
1.93795993818272514e+01
1.13780751817772003e+01
3.07650436180576357e+01
4.33564474934944784e+01
1.87996103504216485e+01
2.32233011961665099e+01
9.82141485870161546e+00
2.96880880524223301e+01
2.90112958843126648e+02
7.07432998613995494e+01
3.67321611626052231e+01
4.61341554939334273e+01
1.96103696010312589e+01
2.37005803425733887e+01
1.65722046885297891e+03
6.25767894229268293e+01
1.12010853315947145e+02
1.20596968491535517e+01
2.88958147033008927e+01
2.24590269108623133e+01
1.04936106903362727e+02
1.63961376039275777e+01
4.39057566074661096e+01
3.08842257670116318e+01
2.03228337449456937e+01
8.82421460269030860e+01
2.93388025380187472e+01
1.32509297107301762e+02
1.41282164705314965e+01
2.85237537238040950e+01
6.33771051410517785e+01
3.12671460249306665e+03
3.70532603799042661e+01
1.22937716100288782e+02
1.57564647426425584e+01
1.25472647451143544e+02
2.06990792424616359e+02
1.33451479968434796e+03
1.81385413406904104e+03
3.18363142233306249e+01
8.74077437229853444e+01
2.13916103127802643e+02
9.48190383913250656e+01
4.94942460624749287e+01
3.71474101020790840e+02
1.28897726898131054e+02
1.78884262602639836e+02
5.49199987224528513e+02
3.58799807944464192e+02
4.60563353484213349e+03
1.86760896539326211e+01
2.99247693486266598e+02
4.34987955579241486e+02
6.08926828971840564e+02
3.09272011776050135e+02
2.42654512037826549e+02
5.26566919963268106e+02
8.38573177090540582e+01
1.77301991750688808e+03
6.84818975916385739e+02
1.66290941566510742e+03
1.54652249445404664e+01
2.36312544436842018e+02
2.17313902560492835e+02
3.62209994530120980e+02
5.68712747294672241e+01
2.59977913888330818e+02
1.11064186088615884e+02
1.22439052541188119e+02
1.51366377066537893e+02
8.75682643701491088e+01
5.48240950258214070e+02
1.82638088992291578e+01
1.11620583107976870e+02
8.48929682808427856e+02
4.04619575788296243e+03
3.03334230883794120e+01
4.31554001316644246e+02
1.42019614590990585e+02
1.51993020326467700e+02
1.75094296763654711e+03
3.38285435838258422e+02
1.51316499185500811e+03
1.87544501636888128e+02
3.64954574959604429e+02
2.58540879607206705e+02
1.74363574092190589e+02
1.23636438140203481e+02
6.31668431724813857e+01
6.58449099501686561e+01
9.56813928687789428e+01
3.42760187003305236e+03
5.41505723162208454e+01
1.22216822942907220e+03
1.02341118142501202e+01
3.56470931449744128e+01
2.62410771511761460e+01
2.72459989614079205e+01
2.00179011584243014e+01
3.77009900879099575e+01
3.58775221603640304e+01
1.25430790517318073e+02
3.80493308293361110e+02
1.44234387765791735e+03
2.87478846865354353e+03
6.21144140323785692e+01
5.08101592580770713e+01
1.62821249615513182e+01
1.84174394117686901e+01
1.57409049658054148e+01
8.91745556791449587e+01
5.04905008983341688e+01
3.53412286292936187e+02
2.47942507658135668e+02
1.91529067798636061e+03
4.04571525401589633e+03
2.45099478344085753e+02
2.35304256535375487e+02
1.30169000019548378e+02
2.66826585784855617e+01
3.97188239917034096e+01
1.95781188585242859e+02
6.13701103440448819e+01
8.67990351444073980e+01
6.45478513942428123e+01
2.79004284690520080e+02
8.46145969044295612e+02
1.01533039803440683e+01
2.11378466210883829e+02
2.42735133619069444e+02
8.31987250261219771e+01
4.64088593196082820e+03
2.71359131235364714e+02
1.75828795018026710e+02
1.55093777949631232e+02
1.34701165027016089e+02
1.43688090511151927e+02
8.88314227172388087e+02
3.69886014358063022e+01
5.50003638855284152e+01
1.96490979724330964e+03
6.99221975517644694e+01
2.71938529700091358e+01
1.55734738852961840e+02
2.86921148168141187e+01
2.51317631306616789e+02
1.80611366588300086e+02
2.58704520135055134e+02
3.28198251494451779e+03
1.87307460688973109e+01
1.52629431230769228e+02
1.41794516798919267e+03
9.29817381029070162e+01
5.43670029963961952e+02
1.44714967486109831e+01
8.09883808151965923e+00
8.73570476292911877e+01
1.47682766317975442e+01
4.64316191479720715e+01
3.43412992059603175e+03
1.58793883673403311e+01
2.58931310234537726e+01
2.81980686109911076e+01
1.64433523840247275e+01
2.03288607789615519e+01
9.97892676630036135e+01
4.47622987244523415e+02
1.79561508471843399e+03
8.49864501973225401e+01
4.02204531100972744e+01
2.28780933841869137e+03
2.70474356631090131e+01
3.80768649989265171e+01
4.12981542028830120e+01
2.89274803707851724e+01
2.06064834122264031e+01
8.17582795861943055e+02
2.15597422445872155e+02
1.00123063160692737e+02
2.03294110346597918e+01
3.14785784053343072e+01
2.57805450226496532e+03
1.04515329625048725e+01
1.93819767591376859e+01
4.90857040503240754e+01
4.48858163555565497e+01
1.70291966990098373e+01
2.80299610793987455e+01
3.27551813055798959e+01
2.04968499765492034e+01
4.40776196686942328e+01
2.19872997654720344e+01
4.61842071789203146e+03
7.39829569515717633e+00
2.03356644260012018e+01
1.16161513830956800e+01
1.46571824721583255e+01
2.22250763358495043e+01
7.49465422945513993e+00
6.55694412551580008e+00
2.26744804959074372e+03
7.02415809981529193e+00
1.05563950217705127e+01
8.26899655903223341e+00
5.87054781136908854e+00
8.24727040081656604e+00
7.46326457281307665e+00
6.89611616212650169e+00
7.17360342654305061e+00
4.73616911452295497e+01
3.53836634343128011e+01
1.32452293992649448e+01
4.42777707821458222e+01
2.73421549256533822e+01
2.70146601623401139e+01
9.19677571736995780e+00
2.52924701834672376e+01
2.51023336153519061e+01
1.55438715176910573e+01
6.40239379117173257e+02
3.35664189533071067e+01
1.54521713695041925e+01
7.61274096221744969e+01
4.85750057608332710e+01
1.18346260740100249e+02
3.49165144383351958e+02
1.77760896345517843e+01
4.39100787168376371e+02
1.92837789667379684e+03
1.57295086075214101e+02
2.03217729618787132e+02
1.55488798302865501e+01
1.24214799076541151e+01
1.60116788374615702e+01
1.79451904496822365e+01
2.53976224600676943e+01
1.88611679193752728e+01
9.09567124496823354e+00
2.30087670059616372e+01
2.63935107504133981e+01
1.38368087947624350e+01
1.07547922279936688e+03
1.28647361627210408e+01
1.25166609790441186e+01
1.36879930907322791e+01
1.29157424014382816e+01
1.36726201256939941e+01
1.65544819134918839e+01
9.86908180469446350e+00
2.71320344033954548e+01
8.83688585544693410e+01
1.30701516177471966e+01
1.25234763894657135e+03
1.15684768630186685e+01
1.12752579452545980e+01
8.04763603295783625e+00
1.06839542169955219e+01
1.19289445748723466e+01
1.22256061110864707e+01
9.98090596538625796e+00
1.14335662449019058e+01
1.69861843152089750e+03
9.14170917204150690e+00
1.00955113525858540e+01
1.90051144796059873e+02
1.70724484065403402e+02
4.96546789208483688e+01
3.00861057317210836e+01
7.12654771863262937e+01
8.30777544044186982e+01
1.33374147552068774e+01
1.94330871328609305e+02
5.36213442915864334e+02
3.57885068811400089e+01
1.57347011901440328e+03
2.40704062387911151e+01
1.65188036438608989e+01
4.19920166924511875e+01
4.07636130625290889e+01
1.17313001594661245e+02
7.71658285209386804e+02
1.05011217974525888e+01
8.74922735058981402e+01
1.71938861259349960e+03
8.13343983472220344e+01
4.42967467314250086e+02
1.54511542846649164e+01
1.09587109950349912e+01
8.73622289929938667e+00
1.29604835085301886e+01
1.07087525416949756e+01
9.20677075287604652e+00
1.84372734732127270e+01
1.15450899623343712e+01
1.49560245664350623e+03
2.57075875619795511e+01
1.36854973768663211e+01
2.32184500116754613e+01
2.60469975041530546e+01
1.34210764781814049e+01
2.23520026683247011e+01
2.16300453471783882e+01
3.79021133927195422e+01
8.71680634991792402e+00
4.78246458699250141e+01
1.50161942506570927e+03
1.64621380333043419e+01
2.78062992789107675e+01
3.07516639087696717e+01
2.23114895837255496e+01
1.06938769326208938e+01
2.01900617758674485e+01
1.68971400607287165e+02
1.56024401861755013e+01
8.95947273388106247e+00
2.54170708006126418e+01
4.06212542739532410e+02
2.61541491090623595e+01
3.17358316224650565e+01
5.00942574787875472e+01
1.58731326357035627e+01
3.68325608957084754e+01
3.00317232348572922e+01
4.75475072972373027e+01
2.49287582887125524e+02
7.66412130071952280e+00
8.40419643832528749e+01
1.16623691210914231e+02
9.37738685183056901e+01
1.40522959015738525e+03
2.57274540874609983e+01
1.61423326230765340e+01
2.48708318371845678e+01
4.63251207648850709e+01
2.66233551059446576e+01
1.28243089913086180e+02
1.54161618206212001e+01
7.84467971800800825e+01
1.80966600389544715e+03
2.65538329385221132e+01
1.55985019833692974e+02
3.60220128089692437e+01
4.17518812716354972e+01
1.84188415862378356e+01
3.21883857415120147e+01
2.27355503292039742e+02
9.97848439727343020e+02
1.16468476827604981e+01
8.58229895103701637e+01
1.02909242574582208e+03
3.12732378630104151e+01
1.08579434770298860e+02
2.12765627615725670e+01
1.17344737459399617e+01
8.19168650650085084e+01
3.78943493303038750e+01
3.68048149832845084e+01
2.06223808962688395e+02
1.26562603680707220e+01
9.30519395731303831e+01
1.40091874600942703e+02
2.72056774543446693e+02
7.92922760656115884e+01
7.44200465246375753e+00
6.53444130181885452e+00
2.26774781219335910e+03
7.00020034140121172e+00
1.04680040547830853e+01
8.21627178294418492e+00
5.87551657262188787e+00
8.20610246653102671e+00
7.47284594409642100e+00
6.89066104404446023e+00
7.14613964593740558e+00
6.27547563510107409e+01
3.19565209614629744e+01
4.78386980734656007e+01
3.51503825743013820e+01
4.54842840952271317e+01
1.87441784713232295e+02
2.05785743537577694e+01
6.42451263894871119e+01
1.30353892310991955e+03
1.14486410785062574e+02
3.61524538593074908e+02
1.99432446968113652e+02
2.54380906409917998e+02
3.27274205443555246e+01
1.53237818861546316e+03
7.48927542430766948e+01
1.61433197750084787e+02
4.40598306689412453e+01
5.02754030132464820e+01
5.73029658718920587e+02
2.41520684641767538e+01
1.22238124603704648e+02
2.76257393984422670e+01
1.03777332604387226e+02
1.85523170316216479e+01
3.56813393864766013e+01
6.46588608016361093e+01
2.44521280001157884e+01
1.59705418534507491e+01
3.24341607669112406e+01
5.09661246434761551e+02
2.92810622246046002e+01
1.25905271497592608e+02
2.54221489779306360e+01
1.57785669774992101e+01
1.44078608003896491e+01
1.22297654627981251e+03
1.31054347334395146e+02
3.56125670938986119e+01
8.39784162486638941e+00
1.20926016733143115e+02
6.34235951301223963e+02
6.45104002095978757e+01
8.16777526672431406e+01
1.08352621584940508e+02
2.18945613010847140e+01
5.39983136548727671e+01
2.68187186492940448e+01
3.23045766906655700e+01
1.50162899181018815e+02
1.68930760044233210e+01
3.38086963648021523e+01
1.95590182281810530e+03
2.06509222705941404e+01
4.92137914802011309e+01
9.16971906217922879e+01
4.33693201678975271e+01
3.16743546616371283e+01
7.49595338192175547e+01
3.72325956327845915e+02
8.47407284657648319e+01
1.26353920819109167e+01
2.11694979699566176e+02
2.84153255181810266e+02
2.62613193595791614e+01
7.00487969612978873e+02
4.06420144871494458e+01
1.77900607510028692e+02
1.96183743239614557e+02
7.35917621142055509e+01
3.84660162143142230e+01
2.60992818103463378e+02
1.23938608834433452e+01
2.10755231386399487e+02
9.44694472558276630e+02
2.79472609081168066e+01
8.54322125949872060e+01
1.73256776072306735e+01
2.62812729018567310e+01
3.68232777688189330e+01
1.60383863892527003e+01
1.34041667567823538e+02
4.63594010431715304e+01
2.38520879785099638e+01
2.15407589532155725e+01
9.46659755350379214e+02
2.03804552059188140e+01
2.16972592338231216e+01
1.49630320040349911e+01
2.44118607320213563e+01
2.74444463605569062e+01
2.95990989296559945e+01
2.54630174647352590e+01
2.65589008709619954e+01
8.41479262642011783e+00
3.53330509347954518e+01
2.49396638007561705e+03
1.49797700252061148e+01
4.28656499759921772e+01
2.92693998663742896e+01
1.79891949961125555e+01
2.40952937220379866e+01
3.29500983439396862e+01
5.16069966806016325e+01
1.09286730585395063e+02
2.66687168642903636e+01
5.87654451141541472e+01
1.76395044193567492e+03
3.89757423241874861e+01
4.24419395672286228e+01
1.65727603629956981e+01
9.25402963543515966e+00
4.32497176424168899e+01
2.96035198025830333e+01
6.43065224569864711e+01
4.39929277552811016e+02
1.15343736101097409e+01
6.10173099517269648e+01
1.01148628606214606e+03
6.39299258091107632e+01
6.81162771136777963e+01
1.47131679354513949e+02
1.20577655508408000e+02
3.89216458094149544e+01
2.65313224160051448e+02
5.35791775940371394e+02
5.69746164957552423e+02
9.17875497949476760e+00
2.45740082880567257e+02
4.76976048105409802e+02
1.90573256722893483e+01
8.85656426319265364e+01
7.39971174898933981e+00
6.50390351653560739e+00
2.26782956835471441e+03
6.99113912725350595e+00
1.04272265786103642e+01
8.20973553737237260e+00
5.87966395394246000e+00
8.19460594087311556e+00
7.53385096543174004e+00
6.88811840922765217e+00
7.14247586705208448e+00
1.07667733107174081e+03
1.61002974242660088e+02
2.78112872583555983e+01
1.74499600429615640e+02
1.57940033781681223e+02
2.51430804985316087e+02
1.69106189913582767e+01
4.19543118791945801e+02
4.00477583809842713e+02
7.19977297883821166e+01
2.19708916849101399e+02
7.42419118843048693e+01
3.03744781741407017e+01
8.20527967159477356e+01
5.10176367455145865e+01
1.07172051055576290e+02
6.11201483753394896e+01
1.73426841404017402e+01
2.45065609292954250e+01
6.42376389056775679e+02
6.09084947043051343e+01
5.65886848218398654e+02
4.21378599954615183e+01
1.67142262896032250e+01
2.23154469532327440e+01
2.73878866654841069e+01
7.90433508699611167e+01
6.67730367057343756e+02
1.65889125643896271e+01
3.56718527955579034e+01
2.92271629559748999e+03
1.76577833757883020e+01
6.10360178356870478e+01
1.95653903463690639e+01
3.76587760367990541e+01
2.01322972328430474e+01
4.49096913817267378e+01
1.32768990332983265e+02
9.77335782634185222e+01
1.79342978427229092e+01
8.72582452937851798e+01
1.24983326460123564e+02
2.75469960384735408e+01
3.32850841077075484e+03
1.57908141301442384e+02
6.33848196902971850e+01
6.12314676206160158e+01
2.92850734821276966e+01
6.16660641374473471e+02
8.40506577145090858e+01
2.06844592121740583e+01
8.61631093588686383e+01
1.05611529264373394e+03
1.38559713990953981e+02
1.20956623610804925e+02
2.17071074332929925e+02
4.66221272165644791e+01
4.19957913740593867e+01
2.71067718620828657e+01
1.69098160207318386e+02
6.09372904832605329e+01
1.14442872604414987e+01
5.04543679915953703e+02
6.07828077335204398e+02
3.89760385107206844e+01
2.33767015014639590e+01
2.96662159150255995e+01
1.24728552813150717e+01
2.17915931537294334e+01
2.26795832360620366e+01
8.85376491454489610e+02
6.11019190539953883e+01
2.35819987662368362e+01
2.88537552365683894e+01
2.24689901037534128e+03
2.16446343385843782e+01
2.09319431886484715e+01
1.47590752869873882e+02
1.60782415759829092e+02
5.65170341776874920e+01
3.33674751826640716e+02
2.67795153504994161e+01
5.67352215730462149e+02
4.58045845428044345e+01
1.15477067890073226e+03
8.72712146252690673e+02
5.29766101827858691e+01
1.47039294405991541e+02
1.23521967067403409e+02
4.98090354948943812e+01
1.85330424971551153e+01
1.58778194371679376e+02
3.50497119244987971e+02
2.33464485486362946e+02
1.18288920361833956e+01
2.07248893595055762e+02
1.26583160360429201e+03
2.36656628156527766e+01
1.02821103786332984e+02
1.72710413027297875e+02
1.42529087073990581e+02
3.05005732243170087e+02
7.92013235521195753e+01
2.45306461948321100e+02
1.21003961243410657e+02
1.02684141930441815e+01
2.04012274085450230e+02
9.17981458143505733e+02
2.94856224128614777e+01
8.04952520768285353e+01
2.06663974720792396e+01
1.39626987483918246e+01
7.31897538041387037e+01
2.54379144257505736e+01
1.19618370022270966e+02
1.18828202471881440e+02
1.49775709500520104e+01
9.17054576753219237e+01
2.54357165620362935e+02
1.81791473799721643e+01
8.09077321429778522e+02
6.80989313964857956e+01
9.07839471009934016e+01
1.83379231142925008e+01
5.28016287380605931e+01
5.88826047220578772e+01
3.46871179918516859e+01
1.11733134282844162e+01
3.91608761982008957e+01
3.75274876584659921e+02
1.95736611194235195e+01
5.82225119605688974e+02
2.10809480711005961e+02
5.37050986000867709e+01
5.82277847113766924e+01
7.68008748989087024e+01
1.56895700070621416e+02
8.62033966161764909e+01
1.69396793173284657e+01
1.11527357786485155e+02
1.12761683239799845e+03
3.68321968028502837e+01
9.04415980871614096e+01
1.41547683408387229e+02
1.87021847226516620e+01
3.38333568283635486e+01
7.64362577313999623e+01
1.96588411336331887e+02
4.38170875459701108e+02
9.28152107980047525e+00
1.36993074969587553e+02
3.11277091419731164e+02
4.77772876646562850e+01
1.56392255379388700e+02
6.25411021084135825e+01
3.42011549634589471e+01
6.83449776598195342e+01
4.76834535846733942e+01
1.41858725878748260e+03
4.56214021355341472e+01
1.34141127851662123e+01
2.63847217167949452e+02
6.54035053093896067e+02
3.89143748528168274e+01
1.10809892860787770e+02
3.14974966058529127e+01
3.76625633291949100e+01
9.63815596627934355e+01
4.93087082298070669e+01
6.38503610044493044e+01
1.64773324025218443e+02
8.79613230411788116e+00
4.19684767501577269e+01
5.53999055113318803e+01
1.95291620721320207e+01
1.59383231050494396e+03
2.16386958413684596e+02
4.74554716364657168e+01
1.11670948011417977e+02
8.11151669292324158e+01
5.31439573108109244e+02
1.32242958527180093e+02
9.51318000571964362e+00
1.12727456961771878e+02
7.70441312806223664e+01
5.72762248155152704e+01
8.51279303102810445e+01
3.85757979551169058e+02
5.30214781960322128e+01
6.45175186923689097e+01
5.27511195509331827e+01
3.64346500495068213e+01
1.50677427962020090e+02
1.10181539185528887e+01
9.56819299983650495e+01
5.36769244245486789e+02
3.48836931293677850e+01
1.72486804706197631e+02
1.53266280493733831e+02
4.16991005826092973e+01
3.39394265293888822e+01
1.05162091011037134e+02
4.34322708767399888e+02
1.48434360107819771e+02
1.44834959475551006e+01
2.32158122063803177e+02
7.02694968850483633e+02
6.86933921813936337e+01
4.91460534647768696e+01
2.41495457615789775e+01
1.37874921421058154e+01
1.53839182421131238e+01
1.32713510121477629e+01
1.52097940032088843e+02
3.13803547529742666e+01
1.26436668250599844e+01
2.62500170389733398e+01
8.30458133189560499e+02
1.23491285782691360e+01
1.52284524251276494e+01
1.54619524640563153e+01
9.06418434464464973e+00
2.25377561459378235e+01
1.25990334824449661e+01
6.63818755651643500e+01
1.26640130388148808e+01
7.72986959294067155e+00
2.05056038016008451e+01
1.52025106102773719e+01
1.36481631134509946e+01
4.37205037840667558e+02
3.79937843635464390e+02
2.86008650959723263e+03
5.83127453216909188e+01
5.90956977519195732e+01
6.65262893248816596e+01
1.44736802883597221e+02
1.10353917841453537e+01
1.15075575849068258e+02
1.51957470027828407e+02
4.17710652426166931e+01
4.14646085815438283e+01
1.48570907008402770e+02
8.03219245622987046e+01
8.18542441373254093e+01
3.16138291505826999e+02
1.41278697434935168e+02
2.07438720654725529e+02
1.69449286567414035e+01
1.16457814975468494e+02
5.99532190617275305e+01
1.77567109757203667e+01
7.70284541026827128e+02
1.60419875312188424e+02
2.92704179980415873e+01
2.35470847249177595e+01
1.98030996820672812e+02
4.73219758998012807e+01
2.50129582743500833e+02
2.08938518947252945e+01
8.23210127368191593e+02
4.23587825605955572e+02
2.88302676631563273e+01
1.35757993968848268e+02
4.27676751203732522e+02
4.16522920682270865e+02
4.84636411600499173e+01
1.61562456493563843e+02
6.23440721050870252e+02
9.64959957029686507e+02
2.84634725573747573e+01
2.54896324385590930e+02
3.69843545797009710e+02
1.10069349417015047e+02
1.54100860222837241e+02
3.96169204704930917e+03
3.38751107947093857e+01
3.24264491053096933e+01
1.00043412126366320e+02
3.19971106388289996e+01
2.14445708681932445e+02
8.31138083925303128e+00
7.26365261631034116e+01
1.04453887472624558e+02
2.95686701776507377e+01
3.25496969509123915e+01
2.49521860011193041e+02
2.42098255592448197e+01
6.01533219655972715e+01
5.13474363558880000e+01
2.29455845925123221e+01
2.44932670565376952e+02
1.96837381674962515e+01
1.18534952162517101e+02
1.00757292550158604e+03
3.11453297781253809e+02
2.46443873373333666e+01
1.31579028761170747e+02
4.86813691256870413e+01
9.51350661872986052e+01
1.83668537446598862e+02
1.28236652875543655e+02
6.44346634318613837e+02
1.97773778406053609e+01
1.98620547774333431e+03
8.78084997425082463e+01
3.43098907060696376e+01
2.32514652525684120e+01
4.90742984974378771e+02
4.66850509067767163e+01
1.22464249983897275e+02
9.41100419621398316e+01
2.91822811380328744e+02
1.05444035194693384e+02
1.41039009436038700e+01
1.21106557984177186e+02
1.74014619389165819e+03
3.17046912035448116e+01
9.76694815748031715e+01
2.42475316160453701e+02
5.06869011621046980e+02
9.52876663985073264e+01
3.88910835436558273e+02
4.73328215179261989e+01
6.63511430727842537e+01
1.37374834404915180e+01
1.07501398287329062e+03
9.23516136733985491e+02
2.03191026470467136e+02
1.99314576274492168e+02
3.47881716368829714e+01
3.78644060654694172e+01
4.20619796367193644e+01
2.81001716274483942e+03
1.77038742778460545e+01
6.43294881749587148e+02
8.63544611286214270e+00
6.48847613699801968e+01
2.03491805686571574e+01
2.71645386821769428e+01
1.29235597154980496e+02
8.07781113701168749e+01
1.27071403222530819e+02
2.46861808996824905e+01
2.03710150134337255e+03
2.27413841578560643e+01
4.67072141040244659e+01
7.71861072200351295e+00
2.63830644574801845e+01
2.76909547769301589e+01
2.65040714848519912e+01
1.66175034611540724e+01
2.73183494186733924e+02
4.69829346511556651e+02
6.69579423851803597e+01
1.87585523565151811e+03
1.02338849855042042e+02
3.16651002081401998e+02
9.98133443513954255e+00
2.86857131856746889e+02
8.67864259139446403e+01
2.61021302078830253e+01
4.64571069148487723e+01
1.33352838177748538e+02
4.03891510919356662e+01
5.85444214320338716e+01
1.14133543801320357e+02
1.31892570197767412e+02
6.91011254803008939e+01
1.07385396083723439e+01
1.02006393171525190e+02
9.91738907600565369e+01
1.72753632206717043e+02
6.39138940722223836e+01
4.22635632550453920e+02
2.58625423507440719e+04
5.18545012246509103e+01
1.42129904105006091e+02
7.86537824617082748e+01
9.96517369475471071e+01
1.50330283862141627e+01
8.72542709267737990e+01
7.16646797344189679e+01
8.10307833914778257e+01
4.25493295277302863e+01
4.05551087898897094e+02
1.56498767580122205e+02
1.03749794895608431e+02
2.36253635888315443e+02
8.07529231136498879e+02
1.63413436536614853e+02
1.88325469179877487e+01
1.17028454278422203e+02
1.67694171425779382e+03
9.72654633384300524e+01
7.01935867271302527e+02
6.55360690725631684e+02
1.48624007356284073e+03
2.40798713381290526e+02
7.06333032081149668e+02
1.69002658586552826e+02
2.00538545198556972e+03
4.69974477664514367e+01
3.79273578424589914e+02
1.11116518517498366e+03
3.90731923921982798e+01
3.11369975918737907e+02
2.21445522180062824e+02
2.36303163690034410e+02
2.15554668937802035e+02
9.25327024698931382e+02
9.62861264600031035e+01
1.55527310985335077e+02
2.35633847624990018e+01
5.01299699503047577e+02
3.32417482994149395e+03
1.34957438346602203e+02
2.34560830494182028e+02
2.24198941173885572e+02
5.28647868372586203e+01
1.09554102937083002e+02
3.35482748939840860e+01
2.14478884865275586e+03
1.86094917982332845e+02
2.07005029518284154e+01
8.18963746260823058e+01
5.43582038169887937e+02
2.99405501993749432e+01
3.38306615755229814e+01
2.11087057708039723e+01
1.26987403284176850e+01
1.84288903747895674e+01
3.01958629069984106e+01
2.32937549552063281e+01
1.50565777328635045e+03
1.14057237653149741e+01
4.22276870513739553e+01
2.16051225542774404e+02
5.49729978569888260e+01
2.02958638160980286e+02
3.31929121878581412e+01
2.83620219553500590e+01
1.64579452480919031e+01
1.78899987301281749e+03
2.39372364426278068e+01
1.87143451639464217e+02
8.42859723459972798e+00
4.45702581061583700e+01
5.73960462425367197e+01
1.48850822120375952e+01
1.68626575718461226e+02
1.84288267374658936e+01
1.18779690422710686e+01
3.04277464694625124e+01
8.57812242337239041e+01
3.55891860005128677e+01
1.39761257962563559e+03
1.46539098066686222e+01
5.73646608018021453e+01
2.59254305248072185e+01
1.42251365840541002e+01
7.91133301735958270e+01
1.34406090658014023e+02
3.67556888432819520e+01
8.29486112480155811e+01
1.05236517969592995e+02
9.35652996656892384e+01
2.48542570604509933e+02
2.95254580211529429e+01
2.76247508544010259e+02
1.28625725106756136e+03
5.81925609854456596e+01
4.04322442392725577e+02
6.88921319439914583e+01
4.52129166822374771e+01
1.38082323574029626e+01
4.47126397474717905e+01
1.31052502933665025e+01
3.91969387948772635e+02
3.14556922939795065e+01
2.14180477200713142e+01
6.66372284254962182e+01
2.12516121273899863e+01
3.22853686045981249e+03
4.86170545659990694e+01
1.40650889359097448e+02
2.22155053910427469e+01
5.02946008795108980e+02
1.64188608614065643e+01
3.00754069933179517e+03
9.64662837700457132e+00
2.73656952932489332e+01
3.88240711844051134e+01
3.61309893497274004e+01
2.10643597491161245e+02
3.27295661538270167e+02
4.43430275871024719e+02
5.57687552362269116e+02
1.71797744676364687e+02
1.50600571127113653e+02
6.26729350780476466e+02
7.24780245217101395e+01
1.21176503321336853e+02
7.15020000510871796e+02
9.25981809076114786e+01
2.00186134382949746e+02
1.89833327276956751e+01
1.70063747888947709e+01
1.94943318924554028e+01
1.78466668540773234e+01
3.77238335640830584e+01
5.14209664441670975e+03
1.02776354853069840e+01
5.70103925866005667e+01
3.22834165469785574e+01
1.87793181184280407e+01
1.94980530187681502e+01
2.61610989124124238e+01
9.48999205114330380e+00
1.50969762117975339e+01
1.10336070170436358e+01
1.84029387313560235e+01
2.55901762373014390e+03
1.15481513259794148e+01
1.33378508599580119e+01
2.99461298394561091e+01
1.85346586995391149e+01
2.84309726211730016e+01
8.90730031128684345e+02
6.10440032623815114e+02
9.62409608029288677e+01
5.09667797504960873e+01
6.30983409645752076e+01
1.51007173831487080e+03
1.20071809260366074e+01
2.15799910288712795e+02
3.02947905254590012e+02
7.04568313739549268e+01
5.22402885713321012e+01
1.54649031522247469e+02
4.18062132066207823e+01
4.00967630843204361e+01
2.25162713590697052e+02
3.10181833538043634e+02
3.17395217889230207e+03
2.99823227850146310e+01
1.23240934607808114e+02
1.84836303662756876e+02
2.23913829574698688e+01
1.12700322152722023e+02
2.34005218659685710e+01
3.03151915999940194e+01
1.80377225005301014e+01
1.56013674148421071e+01
2.94909657373134593e+01
1.48094317279340476e+03
8.05061008347402840e+00
3.23947369015330722e+01
1.06815448482384227e+02
2.19204430330288780e+01
1.90298195875246563e+01
3.15482614596593794e+03
2.86529459079444635e+01
1.32692135032067071e+01
1.30060833953921691e+01
1.62452795143352802e+01
1.15469486266212815e+01
9.53970688229935959e+00
2.20177430513995809e+01
1.84533912298605287e+01
1.49138817334405438e+01
1.65286601895548344e+01
2.71960275131630738e+02
4.71855150274796955e+01
4.31874580197264066e+01
1.41084312733386355e+02
1.08418996486561028e+02
4.64388725158796547e+02
2.00361541502021723e+01
6.68745374550916836e+01
1.26025284450582390e+02
3.02564295997688326e+01
1.49858231178677556e+03
1.36279228012141175e+03
2.40944362656676532e+01
5.45320196795538052e+01
1.81012543496802039e+01
4.42215375690018391e+01
1.59637197182176692e+02
1.74709393547996505e+01
3.66667784899257825e+01
8.92511702359518182e+01
2.49109522614202525e+01
8.43214344904097288e+01
1.01635836347740049e+01
1.05864261162717899e+01
1.54932257074582083e+01
1.16512300015781953e+01
1.85857183920842499e+03
1.41273628639795845e+01
7.38934310824296858e+00
1.63451840853704446e+01
1.49367806869202155e+01
1.11456395818548017e+01
1.15893850051232459e+01
2.01542433871209113e+02
5.15472497284530959e+01
4.12163514145168392e+02
3.02664161104009565e+02
7.10232203282057810e+01
1.33538316522088934e+02
1.22074594329459298e+01
1.70066984893372592e+02
6.50502994796705707e+01
2.33512400261173028e+01
4.38451204687590419e+01
3.89337866729320652e+01
1.11434684615803548e+01
8.56512436245683944e+02
3.25363024287955938e+01
4.26759395402245829e+01
3.37362869452357700e+02
1.21728863614971878e+01
4.08593792821833475e+01
3.92315274763510686e+01
4.97432110776060767e+01
2.08281930007883815e+01
2.38086676811910785e+01
1.11699988244882995e+01
9.42533221751691208e+00
1.17015365880667606e+01
9.90652136253882176e+00
1.00090153063141010e+01
7.43732051090218249e+00
9.24326948889846456e+00
2.28033740527295734e+01
8.55564344817541496e+02
1.19306191498126690e+01
