-4.92110112294185598e+00
-6.34184599903472090e+00
-9.83634270519016418e+00
-4.07233187136717412e+00
7.60407630590134076e+00
-3.49423443071183426e+00
-2.07988405946713106e+00
-1.14603636271232449e+03
-2.86369571657749447e+01
-6.86399292674045558e+00
-4.94022352654526475e+00
-2.14932519288685835e+04
-1.10841658560187810e+02
-1.48877400208158861e+02
-2.36929600925535979e+01
-8.99539856921564080e+01
-8.48322806312194189e+02
-1.52923062357191981e+02
-2.25304812538587811e+01
-1.86423245977646445e+02
-1.23692896200216546e+03
-6.40350660536725940e+01
-9.85392850968284506e+01
-1.15023433102502568e+04
-9.26005748424661412e+00
-2.20582612333786372e+01
-2.21822601071419534e+01
-1.29612786590392730e+01
-1.32092501480942701e+03
-2.77389241487921154e+01
-4.61432287489588067e+00
-5.12424434828350499e+01
-1.74701572283970506e+02
-2.09335482263302488e+01
-1.88427109589020283e+01
-1.07706938894782452e+04
-5.93475309597813450e+01
-3.48663810699698971e+01
-1.11484224339205333e+01
-2.39370960205611247e+01
-3.87941008117261845e+02
-8.80821054393155549e+01
-1.55988398559366743e+01
-1.08722851851553673e+03
-8.95201930934498705e+02
-1.39299243812843248e+01
-6.95591358515131759e+01
-1.68302239119994920e+04
-8.48425406159945794e+01
-5.57348822476993533e+01
-1.88130073481263302e+01
-6.15422164193163468e+00
-1.07813177059918598e+03
-1.18472250466957885e+01
-2.66686848277002309e+00
-6.62904822449762321e+01
-1.72309784856140567e+02
-2.28741781780096076e+01
-2.75618314814725309e+01
-1.72844909619194805e+04
-4.86907082159406315e+01
-2.28136058068237553e+01
-1.18929097263370060e+01
-4.60503942239166264e+01
-1.07225291124310004e+02
-1.12761041518501727e+02
-1.02064711921894560e+01
-7.71501548818456058e+02
-4.58055907954140025e+02
-1.05169337553145485e+01
-1.02765337845975353e+02
-7.56086380580491641e+03
-2.20512539063155906e+01
-1.69536243879322903e+01
-4.28089501636733374e+01
-8.43972823042580167e+00
-1.29549867844972624e+02
-5.06141215163043000e+02
-1.39851881158553422e+01
-4.52959138766918059e+01
-1.94570495461280302e+03
-1.13891617875796261e+01
-2.20364869371244026e+02
-2.49351379042835579e+04
-4.82272415705499213e+01
-1.40669065256099248e+01
-1.87022777199139938e+01
-1.94084756544825439e+01
-1.26336429301322667e+02
-3.69065143314789850e+02
-3.96460072864884383e+00
-1.13995002795057212e+03
-3.97967289081888566e+02
-2.54813702700590312e+01
-8.70781197033946341e+01
-1.49034791141187416e+04
-2.09803480687410691e+01
-7.74024739098055647e+00
-9.73375198318170121e+00
-1.57065995032286416e+01
-6.04799130948949752e+01
-1.92934628274944444e+01
-4.15454592685345769e+00
-1.00677747680645234e+03
-4.18080551644207716e+01
-1.29640422538919324e+01
-2.51661116240407274e+01
-4.38094600670717864e+03
-5.21715972600830398e+01
-7.40837480587666022e+01
-3.53284715512045722e+01
-1.37710505693461897e+02
-5.04597040934426843e+02
-4.76195903450085439e+02
-1.66322714486735634e+01
-4.42062684551400650e+02
-9.56747226324975713e+02
-1.07416899601317137e+01
-2.64088807709544483e+02
-1.93207883065936840e+04
-3.95648653393537074e+02
-4.06646971989138493e+01
-8.46111420319598153e+01
-6.53173754670460056e+01
-2.65767239951176293e+02
-7.19241246097241032e+01
-1.48004740198411344e+01
-6.63348814418352390e+02
-3.79262835386995334e+02
-1.48150369772936159e+02
-4.52515101940109616e+01
-9.52245758124036729e+03
-1.11450140866824404e+03
-9.06724422527302352e+01
-3.45403517889673935e+02
-1.69771355256533468e+02
-5.20486350640048840e+01
-2.08725313442127941e+02
-1.88990754237143079e+01
-4.65594296399779353e+01
-1.10881888828317628e+02
-4.92449464950410416e+01
-5.97550964787780998e+01
-1.04291974558326492e+04
-1.47160875136477853e+03
-2.51784725559726610e+01
-3.78534716451613491e+01
-2.44574073683687132e+01
-7.23377863783987607e+01
-1.59195620067743135e+02
-8.01552299471783414e+00
-8.66667648990034394e+01
-4.61625673812280652e+01
-7.14747986543144265e+01
-3.85068492551945880e+01
-1.51042397962047344e+04
-3.31382890821107651e+02
-2.44205177065060255e+01
-9.32456768953874899e+01
-5.42312839994374016e+01
-2.60396664110460847e+02
-6.13770579510709695e+02
-2.61212115066372981e+01
-2.03306575503819090e+02
-1.54219263459871371e+02
-8.99807008392284160e+02
-3.95901083435429200e+02
-3.05805990949500519e+04
-1.26285889896879644e+03
-2.22082841742811823e+01
-1.30049485006586991e+02
-5.91370585926978691e+01
-1.18040157696691907e+02
-1.03950844773074863e+02
-9.97143419295021438e+00
-4.04449996627331387e+01
-3.65981510896957673e+02
-1.02020442738562366e+02
-1.72376745514702748e+02
-1.05255790365414832e+04
-1.87620794816006594e+02
-8.63623535391328971e+01
-5.40526242818627409e+01
-7.96772164883227219e+02
-8.17927260690998139e+01
-6.05666939079066083e+02
-7.67232829010206618e+00
-2.24908796530781956e+02
-5.22085306969466615e+02
-2.64156315880761554e+02
-1.96489259207579380e+02
-2.09157586393211313e+04
-1.45377456131436873e+02
-1.27139997688782628e+02
-3.65461676015585510e+01
-5.28359540216168739e+02
-1.73243813856907707e+02
-4.81375008746834283e+02
-2.61390445750300216e+02
-1.26536203412552013e+02
-1.00730592319006496e+03
-8.85368648610248954e+01
-3.01496945694912242e+01
-2.03080533993957069e+04
-6.73936076677129705e+01
-1.33425097201308720e+01
-1.76357969184971353e+01
-4.46537955937506240e+02
-7.33721736026849612e+02
-1.52518510961664163e+02
-2.90753646448423524e+01
-1.42690886324621644e+01
-3.69623599962936339e+02
-4.79515777383144925e+00
-1.10518281254980995e+01
-2.29928084704989524e+04
-3.48691694435402042e+02
-1.87750712217248683e+01
-3.43395582100293240e+01
-3.53948822291048771e+02
-1.69256976831378907e+01
-9.55239664840405567e+02
-9.74574052804636182e+00
-1.70554949281414594e+02
-4.01681564619773610e+02
-1.62182575286804251e+02
-1.45351943508146451e+03
-2.70501552105232440e+04
-6.52360842846817036e+02
-1.72857926072660860e+02
-2.89582208640953915e+01
-1.70533025544636700e+02
-3.01388592738029217e+01
-3.04728546215378458e+02
-7.20551971759687149e+01
-8.11207177786591558e+01
-1.61684155656185499e+03
-2.26846781015282858e+02
-1.18674317275518870e+01
-1.87896108795903165e+04
-4.89823867617514708e+01
-5.61942490557962699e+01
-2.03993009638113350e+01
-1.05687115168893183e+03
-1.44043166422401185e+01
-4.46094116868867516e+01
-8.23850211621278028e+00
-3.09293232809068996e+01
-3.63524343305802290e+02
-1.86109322877849195e+01
-3.28043783341934301e+01
-5.06895890849374700e+03
-2.14575485244428393e+02
-9.84024898083977320e+01
-1.06904786292082804e+02
-1.71856215587400953e+02
-6.13239586449128865e+02
-6.44746322723449339e+02
-2.81596358234238551e+02
-1.20209216670866823e+02
-6.10329007291564494e+02
-3.22470181945201773e+02
-8.00598421426582689e+01
-2.29280889325432545e+04
-1.62608727687620586e+02
-2.92207674104012369e+02
-1.17939704313895845e+02
-1.43379074609096307e+02
-1.11690778050850213e+03
-2.43953698922439798e+02
-4.43610477183644818e+01
-4.27442930758139070e+01
-8.40487429182042831e+01
-4.73293881932153297e+01
-1.58076099839212088e+01
-2.25644090058660149e+04
-3.21083833465359305e+01
-6.51162799308135618e+01
-1.38212800206834707e+01
-2.26896299587851490e+03
-1.36793698655986930e+02
-4.69998596666242250e+01
-6.14180638119626963e+01
-3.89005806377317995e+01
-3.26424916525720448e+02
-2.33489999811403912e+01
-3.86949527566346774e+01
-1.86630033468377733e+04
-3.80545383692383155e+02
-3.60509700987113263e+02
-8.60743537445853377e+01
-1.85099991807687900e+02
-7.36599345108970965e+02
-8.20511189377120218e+02
4.25768907202278655e+01
-1.29470447308426799e+02
-1.46449110593014098e+02
-3.39592548760874081e+02
-1.45624603896194429e+02
-4.05142943090357148e+04
-1.11460758171315319e+02
-1.79582701545028982e+02
-9.91087564588057148e+01
-9.32237739479512697e+02
-1.28227333036193642e+02
-7.35530677896668408e+02
-7.42749142509491236e+01
-1.96627297734951185e+02
-7.09152811215883617e+02
-1.57481035414924520e+02
-1.54151453388573771e+02
-2.46170453980530037e+04
-2.26599502593759581e+02
-1.06442339071431434e+02
-1.09420804479642175e+01
-1.32722645829857413e+02
-9.35301835763332292e+01
-6.21928499065410733e+02
-1.18701201188799583e+01
-3.57216672670606243e+01
-1.83318070080057339e+02
-9.11228999437348222e+01
-1.14621253123156364e+02
-4.63600360558071843e+04
-7.25273320262255879e+02
2.49312971530028236e+01
-8.99185439737963321e+00
7.28092158040665360e+00
8.31685555096985496e+00
4.44360055671981158e+00
-9.12315869444540795e+00
3.04933006442833809e+00
2.61103757379643930e+00
6.40439845669404395e+00
-5.25386201744048531e+00
-3.54562784561490189e+04
-3.62825019830328074e+02
-1.73310181678318685e+02
-5.41026093548708431e+01
-3.97336823115973289e+02
-4.01955135347200951e+02
-8.59005909513308438e+02
-1.76376828273063012e+02
-1.25360458967894388e+02
-3.19154388590685159e+01
-1.31649545101903868e+02
-5.42571463919186883e+01
-3.74012724171393711e+04
-8.54450138413001099e+01
-2.63803305585543377e+01
1.19858344382069304e+00
-4.10260207859491501e+01
-6.99430237370699160e+02
-3.79402114996538216e+02
-9.00256799609200620e+00
-1.41691865630888429e+02
-2.03697995887305638e+02
-2.85085788425673030e+01
-1.73066416077266240e+02
-3.12652846139099456e+04
-2.01721000331283875e+01
-1.26251983390880564e+01
-2.17317014579709245e+00
-2.20154874268257754e+03
-1.30253289004239807e+01
-4.81323754043484371e+01
-3.19712833956542042e+01
-4.38656294707533974e+01
-2.05925810749302485e+02
-4.18781702127488842e+01
-2.57636939436858192e+01
-2.56135427751491152e+04
-3.84215651188974618e+01
-1.79321263027752558e+01
-6.79481259111259703e+01
-1.11517786238008910e+02
-3.29188125819908279e+01
-5.39170968173071401e+01
-1.55548268502525868e+01
-6.21696176516108565e+01
-7.23018122166137118e+02
-1.86018250133584218e+02
-9.24046074330668716e+01
-2.96943619244432921e+03
-3.85310154445625841e+01
-1.03014604865093666e+01
-1.16607837670939354e+01
-1.87234278259722464e+03
-5.91290417199988809e+01
-1.14677285899921287e+02
-6.37600350189345644e+00
-2.01222844919605315e+01
-1.63245207114132072e+01
-1.08327637581207739e+02
-1.07065905996503989e+01
-1.38430338218065281e+04
-3.82440727192267147e+01
-1.78683747997694908e+01
-1.33145042416974526e+01
-1.01077791750228499e+02
-1.30296228380560155e+01
-1.86567351170972074e+02
-9.91176259952031202e+00
-7.64537646477085886e+00
-5.47536506513918297e+01
-1.48436273081337322e+03
-3.56265944561461936e+01
-2.58346448173080644e+04
-9.70824157285215250e+01
-5.76373577156576111e+00
-6.31352287271154964e+01
-1.69904905933369662e+02
-5.43998919848519790e+02
-1.12559803979414755e+03
-1.54641822588527091e+01
-1.25689768366840227e+01
-1.55135234691725742e+02
-8.26612138756611756e+01
-2.21602077510471887e+01
-2.98143279485808453e+04
-1.94492137486869893e+02
-3.01319422500383318e+01
-5.60735998362316401e+00
-2.92660765380614407e+02
-2.21060970229981706e+01
-8.31378906190324415e+02
1.94987661954742708e+00
-1.56532998905668936e+01
-2.11814375156944493e+02
-2.97278055851870022e+02
-1.78081316989235432e+02
-6.25085922161436320e+04
-1.23168968044743565e+02
-4.33181792512049753e+02
-1.46344581571475754e+01
-8.95144039462988076e+02
-2.66759575898898220e+02
-8.65738224601013030e+02
-3.67882655380621015e+00
-5.12742195538484324e+01
-9.93722106324181738e+01
-2.04933314542694148e+02
2.30047332510809532e+00
-4.48304154803148267e+04
-1.28185993321599000e+02
-4.29829513052635122e+01
-3.64432966635989359e+01
-5.00748122952913093e+01
5.79381376270115478e+00
-5.17368510067138118e+02
-1.83029670406575828e+00
-2.05772326383993480e+01
-4.35041509004450972e+02
4.91741622953112028e+02
5.89204077007938665e+00
-4.89615844245753615e+04
-3.80205249415910146e+02
-1.01518721287142270e+02
-6.81593314057580244e+01
-1.45969150876603885e+03
-1.80116523275358247e+02
-1.19854765912925563e+03
-1.36952170207496209e+02
-2.34107998506979527e+02
-1.80664503842477870e+02
-1.47256523370173880e+02
-9.74225270589599717e+01
-4.11588413833609811e+04
-2.51315867937690420e+01
-5.01144398252062047e+01
-3.39411900211690707e+01
-6.31669063601130915e+02
2.16392533617493967e+01
-6.78911442870889687e+02
-3.04480359831753322e+00
1.51384086153596389e+01
4.34923087536543385e+00
-5.16121045456976635e+00
2.97178864479925187e+00
-3.78273563655840044e+04
8.12593230285202583e-01
-1.37446868676363199e+01
-1.60572777833177440e+01
-1.79482149717472396e+02
-1.27754626453542443e+02
-5.63286452256907410e+02
-3.08380921876672716e+01
2.17922079415773773e+01
3.65336346731485317e+00
-1.28407244719925395e+00
-9.74514872866109272e-01
-3.79296903990023202e+04
-1.94971704204666310e+01
-3.05116416776589432e+01
3.84378366255864776e+01
-7.81902963409036715e+01
-4.56868880041144791e+01
-2.19087989077307270e+02
-5.32238586524976185e+01
-1.92510358675792084e+01
6.30403843449772605e+00
-7.03926911342704686e-01
-5.57170702730537037e+00
-5.81734225915435309e+04
-1.28505087721391305e+02
-3.30263763927866023e+01
-1.96139343620270301e-01
2.03523584628647640e+01
-7.22691468463933262e+01
-7.42379977899011351e+02
-2.65285558733608928e+00
-5.62915772502162426e+00
-1.39968154202521248e+02
-1.76672340642226580e+01
-4.58880202966846923e+02
-5.23521261258551021e+04
-2.72000615127821675e+02
-1.74225061794054227e+02
-1.10043993821267776e+02
-1.27432610771514035e+02
-7.15260193819473074e+01
-8.27162449568736747e+02
-5.04049803082548067e+01
-2.02775469268550488e+01
-9.50538279259188585e+02
-2.27677701448593908e+01
-8.54282972804282537e+00
-2.83707642065192049e+04
-7.50419798311111350e+01
5.85602148311308968e-01
-7.88312072827148853e+01
-7.07038500805922894e+01
-5.22835688988818745e+01
-1.13311550129457942e+03
-1.61222996911006149e+01
1.18096816445422270e+01
-5.07672292858499475e+02
-2.08258470756436864e+00
-3.40082656186145698e+02
-4.93731927589722400e+04
-4.90423986377193089e+00
-1.31072085940884775e+00
-3.15260470166289899e+01
-3.30114183730736110e+00
-5.62173157065288365e+00
-1.88754275300233826e+03
-1.07768350383038598e+01
-1.22693016584707237e+01
-3.70136412437435025e+00
-1.10708476636649262e+01
-5.91838698102401661e+00
-2.66306276462521346e+04
-4.05161093216947634e+01
-4.41782350203267185e+02
-1.58287556580681212e+02
-1.58181048844420182e+01
1.03717687677009422e+01
-1.03200042199064956e+03
-2.89178452856019099e+01
-2.22187501454106773e+00
-1.17331879962033820e+01
-5.19378856844191716e+00
-6.71202507525058767e+00
-3.66695810647904946e+04
-5.76702542729923948e+02
-1.90389675287703454e+02
-4.33011192545469470e+01
-5.63056566539796854e-01
3.95457549882469728e+00
-1.49715211914526503e+03
-4.57620562803831721e+00
-3.74877841246853594e+00
-2.52714701209980674e+01
-2.31523088469990697e+01
-6.73212929274886651e+00
-2.82135950923106466e+04
-6.12223162426716616e+00
-1.44853366249801763e+01
-3.30643401334157594e-01
6.65864774388719294e+00
1.25281320240235283e+00
-1.15151919796000948e+03
-2.72052058878213865e+00
6.41742453139289282e+00
-2.57771950290673735e-01
-5.07668105857450236e+00
-5.91929791033413988e+00
-3.60751288536770080e+04
3.08877619045102536e+00
1.66669085957142715e+00
7.79019122036936096e+02
2.21100740490830106e+00
8.90789788016110684e+00
4.25628166334429636e+00
1.06463169534720414e+00
3.89085465236506822e+00
2.69055137016178714e+00
1.89858765786948314e+00
2.19204706771634728e+00
-1.56694954365414651e+04
-8.37637475677887835e+01
-5.68540830072052188e+01
-1.03976109179580334e+01
-9.12230774415674119e+01
-3.68559080957844074e+01
-5.00426937880702241e+01
-1.00373990566763442e+01
-4.48932681622397354e+01
-4.55311774113452756e+01
-2.35637191704432212e+01
-1.42723898584827543e+03
-5.12342678110025645e+03
-2.82856081418802958e+01
-1.80647764938828992e+01
-7.40183160908250102e+01
-3.73899047269022091e+01
-9.58025586083761880e+01
-4.67755690274282529e+02
-2.31732470358768872e+01
-5.38640383030826115e+02
-1.62250695231061081e+03
-1.56740655858008580e+02
-3.14885411534317427e+02
-2.39740544024412484e+04
-1.90522827885215200e+01
-1.50353549554017683e+01
-1.26934331003378009e+01
-1.87353024852511041e+01
-2.89007992678393180e+01
-1.86069367568370900e+01
-8.42988570860323527e+00
-2.87724025370298335e+01
-2.95911218093165900e+01
-1.76625783055841801e+01
-1.68479861489624886e+03
-7.52518537223927797e+03
-1.41214295925997551e+01
-1.59687984929280926e+01
-1.50167971423517095e+01
-1.24737022128023440e+01
-1.52911600987055003e+01
-1.88441997639227736e+01
-1.31702436539086367e+01
-3.02300976142128874e+01
-1.53194798216473828e+02
-1.58328382663291070e+01
-2.27253986329654208e+03
-9.10556945608511160e+03
-7.91330647005730192e+00
-1.17404355875664734e+01
-4.30801194449059821e+00
-7.48001658472070030e+00
-5.30799470519501515e+00
-1.15964548911683281e+01
-8.42265795138432338e+00
-4.29688472570861713e+00
-2.31094645781643021e+03
-4.93839411192849287e+00
-6.49866629243355654e+00
-1.15623098612370686e+04
-2.13772021289004101e+02
-2.21570427513253151e+02
-3.07966180495992390e+01
-1.16391154410164557e+01
-2.34445149896176694e+01
-1.00346618197784721e+02
-1.11497965519413711e+01
-1.71600332201486793e+02
-5.40098007199791141e+02
-3.06770502356675152e+01
-1.68104892499251287e+03
-2.04358292961667212e+04
-1.56164537606988691e+01
-1.60085794077272361e+01
-2.85664908733646499e+01
-2.70120287793643357e+01
-9.93446589799801103e+01
-9.15797173660327303e+02
-7.65076105093972192e+00
-5.01685431499459398e+01
-1.59131995660951156e+03
-8.64468019385915056e+01
-5.70878294604590565e+02
-2.37060064893978888e+04
-1.18991035439885859e+01
-9.76158892618917484e+00
-4.94090805163069646e+00
-1.06979074070514582e+01
-4.99844839088720416e+00
-5.13447150729333668e+00
-2.54817787630589692e+01
-6.62340581227436243e+00
-1.95092818657917928e+03
-2.04315316920326104e+01
-1.52983848817238712e+01
-1.02811180840751149e+04
-3.02248950061078219e+01
-4.61954540937005547e+01
-9.45222527338964191e+00
-2.39463486682119040e+01
-1.81402582144195144e+01
-5.79663317214549707e+01
-7.28059796226123979e+00
-6.16438942371899543e+01
-1.76514749126121683e+03
-1.46954990334132543e+01
-2.99802322448051335e+01
-1.11283658731199594e+04
-6.92416917652547426e+01
-3.94350661140058421e+01
-9.27788890865206817e+00
-3.52695668405932778e+01
-3.13503768009595831e+02
-2.28001046609373752e+01
-1.06656243032331517e+01
-4.09166215586351001e+01
-8.77333936099921630e+02
-4.12318070329130464e+01
-6.50270497473362212e+01
-4.16106506816641649e+03
-4.98767589080021025e+01
-1.39212366322109329e+01
-3.68549304152370212e+01
-1.40337530147687666e+01
-4.14659667963277130e+01
-3.50963729843857095e+02
-3.71239502955112011e+00
-8.54513984148412788e+01
-1.50435820461510644e+02
-1.29394655208217046e+02
-1.41107870027196168e+03
-1.40804824777548238e+04
-2.89150477304079772e+01
-2.24257912865359259e+01
-2.90632498705688249e+01
-6.75324779914242441e+01
-1.66656889814379916e+01
-2.22792533345486817e+02
-2.05387668472825986e+01
-1.07861854219626167e+02
-2.28236701767018621e+03
-2.29800170953759313e+01
-2.84653137321925101e+02
-1.57548699375556535e+04
-3.21891478879238235e+01
-4.46084230719127177e+01
-1.04683753926385865e+01
-2.15879354735597779e+01
-2.29553500189212514e+02
-1.30514783702494083e+03
-1.00052788989491859e+01
-8.16543663546797376e+01
-9.74560553556582704e+02
-3.79392158107484008e+01
-1.70377813481939143e+02
-1.78344989367767230e+04
-4.17559824757940774e+01
-1.81993382645643393e+01
-2.06921671744436537e+02
-8.90576443118475112e+01
-6.65063551013610805e+01
-5.46906715208575974e+02
-2.50002462381375068e+01
-2.29769800819877986e+02
-3.53082274062160650e+02
-7.23292580172910448e+02
-1.91029404776218087e+02
-5.69257409425561764e+03
2.97448907068776647e+00
1.62285188060524055e+00
7.97145198138340334e+02
2.17096249836918087e+00
8.68837960460026615e+00
4.11380049022980732e+00
1.07045790850223055e+00
3.83209080936781277e+00
2.72239095183023538e+00
1.88483369904535247e+00
2.16844251727717285e+00
-1.56694954365414651e+04
-1.02833797183333289e+02
-6.13062331688421978e+01
-6.97113969298761162e+01
-5.08475088852582147e+01
-4.10218401189596023e+01
-3.33777217379565343e+02
-3.62003660918131089e+01
-9.28184694019189749e+01
-1.67575125079289433e+03
-1.91129031780565469e+02
-6.30777837509092933e+02
-1.51428818741353589e+04
-2.47643578935346483e+02
-4.21748610381771869e+02
-2.87797580943965592e+01
-1.83967649435618318e+03
-5.37094769923857740e+01
-2.38643126342395703e+02
-6.53119163093943484e+01
-2.88717160383195832e+01
-7.54858689316269988e+02
-1.47791497042300701e+01
-1.97452770878891329e+02
-2.14049138505239353e+04
-4.25013979780645954e+01
-2.38394060883210841e+02
-2.57915620301179018e+01
-6.97900943660204689e+01
-1.08603600790357262e+02
-4.30176652280227216e+01
-2.48849333163516242e+01
-4.47144248418087855e+01
-9.45721365279654492e+02
-4.89570558813204286e+01
-2.90215513155787505e+02
-5.65808557464150726e+03
-2.53029915076486240e+01
-1.96427320891284829e+01
-5.21646873306833569e+00
-1.48587258058941734e+03
-1.37331915125457925e+02
-3.57772985197745967e+01
-5.98817448569465327e+00
-1.52409257191462558e+02
-8.15456494161318233e+02
-9.97240709039123487e+01
-1.25778978908062186e+02
-1.57626338088434568e+04
-1.79084856410438903e+02
-2.86354584411830650e+01
-7.51131813029774378e+01
-2.74409112409132661e+01
-2.46762447791878934e+01
-2.45407090919351077e+02
-2.31821062247792611e+01
-2.86347747585550536e+01
-2.49021465578339621e+03
-1.78573614676707138e+01
-7.77020430250678942e+01
-1.66582672444598029e+04
-1.34915524135229845e+02
-6.30008605635879846e+01
-3.71053419651544800e+01
-1.02822540476748841e+02
-4.25471110190151649e+02
-1.15256938962426773e+02
-1.27421654577005796e+01
-2.62722571548734209e+02
-3.86092160597126053e+02
-2.58824874860286300e+01
-1.08209706646792552e+03
-1.25340617339302025e+04
-3.82759893131780515e+01
-3.16944735561519849e+02
-2.26932957194614715e+02
-1.03232234923549655e+02
-2.55337055108113304e+01
-3.50620427448321834e+02
-1.16723486935212097e+01
-2.88632689518484653e+02
-1.22778000886106838e+03
-3.54740500642795382e+01
-1.08735888066910277e+02
-1.35602254384637654e+04
-1.96240372078500194e+01
-4.89590952943159579e+01
-5.78810235824979600e+01
-1.68939224499295051e+01
-1.85319278098449558e+02
-9.12451255935343681e+01
-3.44940669833826092e+01
-2.30445829795937414e+01
-1.56082377887223788e+03
-2.51007035397968608e+01
-3.73366554412923080e+01
-7.93308274630705273e+03
-8.52889182725679795e+00
-4.40237904433769174e+01
-2.38819409553427313e+01
-3.85514916440819277e+01
-1.50059484463550419e+01
-2.63933480134373539e+01
-6.59567817234923126e+00
-3.67596862753507523e+01
-2.57157855220652618e+03
-8.74164268118068577e+00
-4.89984610349450378e+01
-1.88133602080376659e+04
-3.69524388457219999e+01
-2.33948760236702356e+01
-1.82471238397525610e+01
-3.85406163938170181e+01
-4.45124505186051280e+01
-1.86767137080465091e+02
-3.67323366987692452e+01
-7.69224693052459969e+01
-2.17836006489143756e+03
-3.86773075417153365e+01
-6.83679601195849074e+01
-1.45336382623906647e+04
-1.70632843417949154e+01
-5.76218331563540609e+00
-3.61604520878632272e+01
-3.10728170997818545e+01
-6.10002472789182164e+01
-5.44668442739199577e+02
-9.26175846423729610e+00
-5.98226349542712370e+01
-1.34858419651322993e+03
-8.96035338027963206e+01
-9.49974531811819247e+01
-1.16673365737179302e+04
-1.49782766986661045e+02
-1.75146304413131077e+02
-1.64184767985680935e+01
-2.81619760300593668e+02
-4.75883117565936345e+02
-6.62384229739494458e+02
-5.33108948654191206e+00
-2.26582434336195007e+02
-5.78445426063730565e+02
-7.71850620183498926e+00
-1.00284895372534322e+02
-1.70258649266362299e+04
2.89068803765908200e+00
1.56501870934259424e+00
7.84796788699231797e+02
2.16737662499929851e+00
8.59061370670671565e+00
4.06945203850729076e+00
1.07390391994610312e+00
3.83398012015648559e+00
2.83763302338848433e+00
1.87525702732235899e+00
2.17253295173910432e+00
-1.56694954365414760e+04
-8.82025700187060693e+02
-1.96142531960442511e+02
-1.70622971093654172e+01
-1.99389301125913136e+02
-1.45777951135923473e+02
-2.96613810420221853e+02
-1.62740297319791658e+01
-4.11300509967115261e+02
-4.75119728516274108e+02
-5.94374156929629578e+01
-2.37726597053820711e+02
-2.06756428316868660e+04
-1.07219475937913828e+02
-4.78295068343575096e+01
-1.28288466608726310e+02
-7.53832728795502049e+01
-1.37973154361821003e+02
-9.59712126564789543e+01
-2.43128219124888894e+01
-1.95594240836775946e+01
-9.62321564039908253e+02
-8.94402175214548834e+01
-1.03038197611795454e+03
-1.09046639470347945e+04
-2.11225527848148680e+01
-8.25264324752854250e+00
2.07842263764380375e+00
-3.26953226649201012e+00
-1.23107479190482216e+01
-4.25337079965524310e+02
-1.07813766093380305e+01
5.32583344042472806e+00
-1.37829392116343706e+03
-6.40497742177396123e+00
-3.64769775485615853e+01
-2.82549464375400894e+04
-2.97725122631884087e+00
-2.58511196710170701e+01
-1.28230220388160387e+00
-9.74562374023027012e+00
-9.93027675638119547e+01
-4.92299380117405576e+01
-1.09730304138616699e+01
-2.89534503962739933e+01
-6.04219183925103636e+01
-1.11312540484307636e+01
-1.48820099675153688e+03
-2.85031885462868850e+04
-2.12921743735530583e+02
-9.24874713403507087e+01
-4.94802814850679056e+01
-1.30332095878059704e+01
-5.78141957354395231e+02
-1.13539719017061671e+02
-2.30280166729190903e+01
-7.92417377614263501e+01
-1.23140610814839761e+03
-1.97284941705606855e+02
-1.75091622962006909e+02
-1.63851044659585423e+04
-3.62300891263283233e+02
-7.07979954643026304e+01
-4.80850163431866022e+01
-2.81512784098517415e+01
-1.84932050841267454e+02
-1.01802738378101054e+02
-1.10336553727775346e+01
-6.37053541559804216e+02
-8.61645560116108868e+02
-5.84488937863516043e+01
-2.50398728348466726e+01
-1.11432977559863084e+04
-1.58396765435223745e+01
-6.99542400174712231e+00
-4.38774524254305565e+00
-1.00905486751917675e+01
-3.09770871257473402e+02
-5.59789649837218164e+01
-3.04858379282085643e+01
-9.45453671074981372e+00
-1.85222557233485168e+03
-1.41013295526988589e+01
-1.10722265839697549e+01
-2.38765450618195573e+04
-1.46593416114135607e+02
-2.13161005316270831e+02
-2.48283288014599428e+01
-3.39341893489855124e+02
-3.14953380673167116e+00
-5.91373041146940636e+02
-4.65684687301306326e+01
-6.91519122567715044e+02
-8.14046233997367153e+02
-2.49258387791042253e+01
-1.20718714827092086e+02
-2.54335357309163555e+04
-1.55879657142456637e+02
-5.88631358382936085e+01
-6.12213933247034348e+00
-2.13416645682920944e+02
-3.37764645376829662e+02
-3.30033676200487093e+02
-9.35165924268659055e+00
-1.84753674095025531e+02
-1.23691773104005665e+03
-1.33984364704023164e+01
-1.25080357129977259e+02
-1.72531194912443134e+04
-1.85182734522744084e+02
-2.06013456353479086e+02
-2.85249697712759826e+02
-1.02241305745982032e+02
-2.38240857330350906e+02
-1.88449528410591199e+02
-7.38954746082331848e+00
-2.08624373728598357e+02
-1.04531090276682903e+03
-1.63073815819462098e+01
-1.19235912641354005e+02
-1.53981941306278950e+04
-2.23123283611967231e+01
-1.31571759097958925e+01
-9.86156673178338821e+01
-2.33933978650395993e+01
-1.61533933820119984e+02
-2.20995436662235193e+02
-1.44980664501656946e+01
-1.31584381118601755e+02
-3.94779905523403272e+02
-1.45185438892761400e+01
-1.42283165567504011e+03
-9.74273077551868118e+03
-1.18803301453081758e+02
-2.08317510658768924e+02
-2.12928570854241173e+01
-9.48046218451922726e+01
-8.98428373283270787e+01
-5.79710160086792428e+01
-1.39629342372744070e+01
-5.29761482903678811e+01
-6.49092574643655553e+02
-2.53039464511546512e+01
-1.17343953414209977e+03
-8.22081364436795957e+03
-2.73067412102821379e+02
-8.33756499563124436e+01
-8.96620412638617381e+01
-1.07693570177365487e+02
-1.77164121711983825e+02
-1.33902380942076292e+02
-1.94816464776824070e+01
-1.10471966430434478e+02
-1.29267654515635627e+03
-3.56045504855243280e+01
-1.39288856333896206e+02
-1.32323886134818367e+04
-3.05890153341454209e+02
-2.92877049608596671e+01
-3.58158898306957241e+01
-1.33793414794788418e+02
-3.17158007405114745e+02
-7.59662011967966237e+02
-1.18378307286784494e+01
-2.24804207274533724e+02
-5.38453178047950587e+02
-7.38895262126197707e+01
-3.28968216794053887e+02
-9.79421130610088767e+03
-7.04658483653825272e+01
-4.06609508254339289e+01
-8.12544807512691989e+01
-5.35543428702158693e+01
-1.09861082547520027e+03
-4.57083900995851238e+01
-1.34812531612452773e+01
-3.11094788550081205e+02
-8.87883384347223000e+02
-5.40251439834267302e+01
-1.83904359610707417e+02
-1.89242337248942167e+04
-3.94983716136500504e+01
-7.20675544290867265e+01
-1.25439266143315933e+02
-6.38194344567131608e+01
-7.15839534218446545e+01
-3.02773766974694240e+02
-7.49800444354869722e+00
-4.48972415691222082e+01
-6.37037713170091564e+01
-2.20567484415509192e+01
-2.27870766476806148e+03
-1.42799800734202327e+04
-3.78994817482340522e+02
-8.17055139136442250e+01
-1.85266895479547031e+02
-1.25986830961172217e+02
-7.81514862543697404e+02
-2.23207134824615849e+02
-1.05386559916473139e+01
-1.52033009677660488e+02
-1.02038104488315724e+02
-9.01027194683115908e+01
-1.59328934594014669e+02
-9.02536875908221555e+03
-6.26699570965236262e+02
-8.23816518749590330e+01
-8.53403924194591923e+01
-6.00223340969813606e+01
-4.39162160298579636e+01
-2.64429067082600170e+02
-1.23540620742535818e+01
-1.40163693629083497e+02
-8.32101207724685651e+02
-5.15617362242215194e+01
-3.21540897345446012e+02
-9.99307084142387430e+03
-2.33671012561493484e+02
-6.04286509556570550e+01
-3.77212277937858005e+01
-1.61539252876995107e+02
-4.42777784940635797e+02
-2.34138067151053235e+02
-1.85317225488031916e+01
-2.70506412171324826e+02
-9.03800135380536858e+02
-9.76679896837047750e+01
-5.32242164682304164e+01
-1.29130570842129055e+04
-3.53066876745824487e+01
-1.77606043055675542e+01
-1.40465505144219929e+01
-1.37448579993500761e+01
-2.33851918474683373e+02
-4.93043401276205913e+01
-1.68782997640807011e+01
-3.22662926360124658e+01
-1.38108076061293855e+03
-1.13703197077966980e+01
-1.59323890962862453e+01
-6.76658261571212552e+03
-2.76644362709800369e+01
-1.05207258456844990e+01
-3.12136119181604457e+01
-1.52161534048006555e+01
-1.23817331669072317e+02
-1.44316709857052317e+01
-9.04745828423060594e+00
-2.82666740295722576e+01
-2.21972752913226437e+01
-2.20284881845586398e+01
-1.19222133703495683e+03
-3.28352149992442901e+03
-2.75065849763459482e+02
-1.34808436251855028e+03
-3.09393926307471574e+01
-1.29496912437193856e+01
-2.42320139708962401e+01
-1.10027878880405680e+02
-5.92618398868381480e+00
-8.73761701659310717e+01
-1.69653479333628127e+02
-1.28472188150087359e+01
-2.37897390821345027e+01
-2.84286918402346964e+04
-1.87145567575145293e+02
-1.03848659654942381e+02
-7.90202162916067437e+01
-3.79976467636508346e+02
-1.39207170270857688e+02
-2.85831989983166693e+02
-1.35294586105765156e+01
-1.07536581377863072e+02
-5.62959152331198709e+01
-1.17685205757019791e+01
-1.15455121162393402e+03
-1.27082409970626122e+04
-2.56601727066761214e+02
-3.49405335461227864e+01
-1.64128584179090211e+01
-2.63483994169368941e+02
-1.94588115377868434e+01
-3.83782405403695748e+02
-2.33275032887924070e+01
-6.90631704058044647e+02
-5.71055055630027937e+02
-2.82925219777707113e+01
-2.22905453175454682e+02
-1.41111539169188436e+04
-3.46628330755515890e+02
-4.32910060799840892e+02
-6.47389795392338652e-01
-1.26371209874952640e+02
-4.03931271164530472e+02
-8.58985380327982739e+02
-2.26906460342732181e+01
-1.48873189611292077e+02
-3.49231995306436488e+02
-8.82038272010886999e+01
-1.51312519882702162e+02
-2.53844664246583743e+04
1.17512069318842535e+02
-1.52771165870878844e+00
-3.51408643529138143e+00
-7.19998965902251058e+01
4.54692632115961981e+00
-2.41427258850542216e+02
-6.32136549031768857e-01
-3.36600733611092338e+01
-6.48175946329356520e+01
7.87563687956580272e-01
-1.25844984618152793e+01
-3.42135092121405614e+04
-3.50720173211745703e+02
-3.14301034123083731e+01
-7.31562427175550170e+01
-6.70470472317170305e+01
-1.47347755706469457e+01
-3.77136112049908832e+02
-2.47992389548549248e+01
-1.57585855411553041e+02
-1.32476596538245735e+03
-3.78782496920259462e+02
-1.87886709491173534e+01
-1.40651495656290917e+04
-1.17053581198603496e+02
-4.69859831069375673e+01
-5.69378000133878430e+01
-1.45268011166433865e+02
-7.62082809267873813e+01
-6.63056527536672888e+02
-1.08257210740967356e+01
-6.42573539762134715e+02
-6.91433808382189170e+01
-1.48484312788224013e+01
-5.67432330213381064e+00
-2.39415465568037143e+04
-4.06211999243129299e+02
-3.54751370178903258e+01
-7.96369546892872933e+01
-1.01217751382512319e+02
-2.07368869674137613e+02
-1.10444941124780115e+02
-8.61268886686696256e+00
-8.45782164325724750e+01
-1.65380611931502449e+03
-7.99572186992986289e+00
-1.11900230393376859e+02
-2.21046538346177294e+04
-2.46092344677993793e+02
-6.43614921467899080e+02
-1.04440928460939588e+02
-3.54322724592431314e+02
-1.44749139146209238e+01
-3.57189308175716818e+01
-1.18043609181107954e+01
-7.37685296953954207e+02
-8.25542434860907974e+02
-1.38430303326424763e+02
-2.36910017501393639e+02
-2.70419225045134372e+04
-1.61139660890224761e+01
-3.08305760406463492e+01
-1.85863295034026841e+01
-1.00739738123666370e+03
1.72353217449243457e+00
-6.47689665042402908e+02
-2.99772048555198634e+00
-1.46708839793856267e+01
-5.35497469243924051e+00
-1.35503055049767145e+01
-1.37004625668523829e+02
-2.76518560877848067e+04
-1.11086254436470682e+02
-2.43413189926875702e+02
-2.44215955750359086e+01
-1.82323833525881832e+03
-1.76253599576960482e+01
-5.31063859060585912e+01
-4.33749419569433936e+00
-1.50295793014183801e+01
-2.66763470381247210e+01
-2.61745550801423086e+01
-1.32891143399962104e+01
-1.64552985514993852e+04
-2.31460515027957825e+02
-6.36998817667925437e+02
-4.51745556060188065e+01
-1.16907386041232166e+03
-3.54222298554185073e+01
-3.19212350421722476e+02
-4.88415145875247170e+00
-1.96593259240584359e+02
-7.74496987526244141e+01
-8.70738151857274723e+00
-2.47804300771473507e+01
-2.53926439404821685e+04
-2.59425507628501862e+02
-7.86365541535829635e+01
-9.56469231087698404e+01
-2.57114862721963334e+02
-2.44180033177967147e+02
-1.52486368953311427e+02
-1.32863107737284185e+01
-1.86154480210367694e+02
-1.70645782864356136e+02
-3.34457003144182806e+02
-1.34544263407959477e+02
-5.71327930486348032e+03
6.42818337087497866e+02
3.74385754522472052e+04
8.73592792333423915e+01
2.66928769571711427e+02
1.52360822397469860e+02
1.63631410320229577e+02
1.47717517697492262e+01
1.61665553948123801e+02
1.21461130296292453e+02
1.76207370206171504e+02
8.55840639623457946e+01
-2.47869361656279070e+05
-3.25121336764809541e+02
-1.68352687785764289e+02
-4.60332147608746922e+01
-2.07728937581654094e+02
-3.54888421891081975e+02
-1.37543297364945573e+02
-6.85736564541741256e+00
-2.55878402860879532e+01
-5.07765683324352096e+02
-4.58821622132091278e+01
-5.05702823974874548e+02
-3.30594891765637949e+04
-2.17189490416058987e+02
-7.33012553985944010e+02
-7.52498560140995636e+01
-3.85432053583528784e+02
2.91607222454707795e+01
-8.43640006376033170e+02
-3.13530458916859693e+01
-1.23995742954659775e+02
-5.61769137588637705e+02
2.15086296857499697e+01
-1.28088394663578669e+02
-5.61463398669124144e+04
-1.34942310357496524e+02
-2.75937827858156709e+02
-1.14784723266821189e+02
-5.23413261560555952e+02
3.41163222558607941e+01
-9.71060000134473995e+01
-8.51187318690719330e+00
-1.85061290807148936e+02
-3.45875199211459289e+02
-4.15150252977504337e+01
-1.77045491670286680e+02
-4.66299936101358326e+04
-2.67817368740673714e+02
-6.74480180569943144e+01
-9.78460665867045805e+01
-2.51805824447775457e+01
-6.12330861703433470e+02
-2.84915074953505666e+02
-3.62041728907551814e+01
-6.83505678479573220e+01
-7.37201848523823969e+02
-1.94451198438656156e+01
-2.75781443590518478e+01
-2.45762959457479083e+04
-2.44975674553853402e+01
-1.59411132570123737e+01
-1.82410132783062515e+01
-3.56786986350283399e+01
-2.77004615046644069e+01
-2.16801201168599528e+03
-1.48462859426458689e+01
-5.58926244735596995e+01
-3.83406859914069571e+02
-7.72189105590529010e+01
-4.34466029007411578e+02
-1.40958172621017402e+04
-2.90341373128241571e+01
-4.07461494238717492e+01
-1.02736126909126249e+01
-1.60793366663400229e+03
-1.14039059284354725e+01
-3.05315614725772377e+02
-4.74269498652031718e+00
-3.80206651145703916e+01
-7.19591540057630539e+01
-1.02230878536692416e+01
-2.56274763574278779e+02
-1.58946844560210557e+04
-1.80477926503981116e+01
-1.26596652269974541e+01
-3.21677895012887305e+01
-1.43706470415907660e+02
-4.95227967016394217e+01
-2.01641019203063456e+03
-1.97178723767661559e+01
-8.58204242081580162e+01
-2.92811751774197582e+01
-1.27372568368326373e+01
-1.33854784375705862e+02
-1.13076988820189090e+04
-2.09189944291200362e+02
-5.26461837989097461e+01
-9.79468142997241245e+01
-1.35835396269983505e+02
-8.39670353904551661e+01
-3.81031522124247942e+02
-4.59462831079928335e+01
-3.59324670290073072e+02
-1.37639310345361923e+03
-6.65873470677313009e+01
-6.75252931099548164e+02
-1.89083902908510572e+04
-6.76461979816130423e+01
-5.22584622372710399e+01
-3.06117512021580573e+00
-1.29429698657216044e+01
-2.48148412193914059e+00
-5.06863693085710906e+02
-2.78085522548774655e+01
1.34528053188927732e+00
-5.11136653131518131e+01
-1.36055172928628849e+01
-2.22785203476813331e+03
-2.85694251074864551e+04
-1.32085051558987487e+01
-1.66448657259127629e+02
4.59293526982149913e+00
-2.89809356598931629e+02
3.21308916969171632e+00
-1.27732690416904165e+03
-5.98404903126503740e+00
5.54584108048718427e+00
-1.07383036315864420e+01
-1.33575718545340347e+01
-1.94199363675418425e+02
-2.95150426214605977e+04
-3.38382700815229555e+02
-4.93042987851808334e+02
-3.43907389628782141e+02
-1.99255238158075315e+02
-1.05842155872324014e+02
-7.55234280310653389e+02
-7.24970365181290930e+01
-1.02139219450118048e+02
-6.32761598285503965e+02
-7.86439592814379012e+01
-3.13823649436339679e+02
-2.47230277094892735e+04
2.94134439012191340e+00
-6.48968000632172615e+00
8.52359966355028043e+00
6.65994474116735447e+00
8.66082490847109554e+00
-5.19068991181680872e+02
-2.68214975558757152e+00
7.76373147947680575e+00
5.23429595111101625e-02
5.09265720851183379e-01
4.71950609646196551e+00
-4.07633955705000772e+04
-1.49237810264161350e+01
-5.75037631003213168e+00
-7.00264319712047101e+00
-3.46587320164581625e+00
-1.73100838776950816e+01
-2.24006397123481747e+03
-1.10254781062892633e+01
-8.48546979360782672e+00
-1.99064383917871979e+01
-1.56046992992149125e+01
-2.65068575261499433e+01
-1.87896108795903456e+04
-5.27523231236226820e+02
-4.92238964335576497e+02
-4.96139675348812403e+01
-6.76124587454288939e+00
-8.14831238353257881e+00
-1.01240318277643109e+03
-9.64278981562127768e+00
-1.27995721330160563e+02
-2.42611897449017590e+02
-3.28708682319369458e+01
-2.79579682869855688e+01
-2.79738838467308306e+04
-1.20853050085212502e+02
-2.60676733330422685e+01
-1.18112160603220691e+01
-1.87330507127558036e+02
-2.14869610190126025e+02
-1.92677356900909604e+03
-2.79203022060845676e+01
-7.24048405793799645e+01
-1.87050718335942264e+02
-3.47670911722910203e+00
-7.79225911738056425e+01
-3.25050240187481686e+04
-2.31401692005531423e+01
-4.44262397208335713e+01
-1.55340065545282737e+01
-1.04624205384823128e+01
-2.77243762487317191e+01
-1.94181478220266081e+03
-6.86970897629684174e+00
-4.15661883303859696e+01
-1.59449720299263333e+02
-2.11278280057731251e+01
-2.20352709062768284e+01
-1.14199475039739682e+04
-2.72925436554694897e+02
-8.22053450348477543e-01
-2.83578667342068647e+00
-1.92287403321711614e+00
3.73818501545896631e-01
-2.51938710765549700e+00
-4.70033176797820573e+00
-1.17777042335610922e+01
-9.37720055093698157e+00
-7.88351983725343342e+00
-1.35679186106089968e+01
-2.34220681780706509e+04
-3.25925704572727511e+02
-4.95534177758766674e+01
-2.10955112955545481e+01
-1.28717699176737170e+02
-7.81225127651145215e+01
-5.85641174099920818e+02
-1.65245938933101755e+01
-4.36639288186240080e+01
-1.26627289685547495e+02
-2.33114420829517712e+01
-1.54546804184690723e+03
-1.94002065918440021e+04
-1.41332532375624874e+03
-2.48585541874059039e+01
-6.03425231224198626e+01
-1.82676149102001979e+01
-4.40210643491179354e+01
-2.59755648805875694e+02
-1.68426563341497619e+01
-3.71066160269423904e+01
-1.43716646843257195e+02
-2.20598408329473443e+01
-1.46978907208623468e+02
-1.23979382128291491e+04
-3.59473496085472055e+00
-8.86214288491888524e+00
-7.39946267238654176e+00
-6.48918984275322064e+00
-6.58864174796284374e+02
-8.54277744543602502e+00
-2.77035830212373124e+00
6.34044830680055793e-01
-7.85554594137062168e+00
-7.58823295336092407e+00
-1.00325103548884051e+01
-1.28978728563694731e+04
-3.04811720147104097e+02
-8.19422861768921535e+01
-5.00004437991355246e+02
-3.74071628941650829e+02
-7.68518082583128859e+01
-2.28808835386999078e+02
-1.29829155362561828e+01
-1.80079748063948927e+02
-9.54492526711343743e+01
-2.04379956114825703e+01
-6.07629603706090933e+01
-9.20776183672427942e+03
-5.63432683144142672e+01
-1.12505713758384083e+01
-9.45201208699085782e+02
-4.15380568375525456e+01
-5.73871223628324927e+01
-5.59125008247470987e+02
-1.14444242778334520e+01
-5.44564698745682065e+01
-5.63118607184904647e+01
-8.02198468617767020e+01
-2.41698020482343132e+01
-9.17124935687604375e+03
-3.29493342469939421e+01
-1.28165440625541063e+01
-6.29489767518820109e+00
-1.20150264216693401e+01
-9.74256700923055163e+00
-1.10113313583927557e+01
-4.99882783371850348e+00
-5.59584686979658308e+00
-3.11915541493060182e+01
-1.13004094920258399e+03
-1.78152743816005881e+01
-5.62362237158910011e+03
